Standard Error Comparison - Disruptiveness Index (sqrt)
======================================================================

Variable                      Coef      SE(OLS)   t(OLS)   p(OLS)  Sig      SE(HC3)   t(HC3)   p(HC3)  Sig SE(Cluster(primary_discipline)) t(Cluster(primary_discipline)) p(Cluster(primary_discipline))  Sig
-------------------------------------------------------------------------------------------------------------------------------------------------------------------------------------------------------------
const                       0.5395       0.1618    3.335   0.0009  ***       0.1992    2.709   0.0070   **       0.1130    4.776   0.0000  ***
discipline_variety         -0.0184       0.0119   -1.547   0.1226            0.0138   -1.334   0.1830            0.0045   -4.114   0.0000  ***
discipline_similarity      -0.0206       0.0330   -0.626   0.5319            0.0378   -0.547   0.5849            0.0212   -0.973   0.3309     
discipline_balance         -0.0198       0.0679   -0.292   0.7708            0.0782   -0.253   0.8005            0.0220   -0.899   0.3690     
ai4s_balance               -0.0134       0.0379   -0.355   0.7229            0.0403   -0.333   0.7393            0.0372   -0.361   0.7182     
ai_ref_age_c               -0.0108       0.0026   -4.167   0.0000  ***       0.0031   -3.463   0.0006  ***       0.0020   -5.355   0.0000  ***
ai_ref_age_c_sq             0.0008       0.0002    4.416   0.0000  ***       0.0003    2.286   0.0227    *       0.0002    4.824   0.0000  ***
num_authors                -0.0020       0.0030   -0.677   0.4990            0.0031   -0.638   0.5237            0.0014   -1.474   0.1412     
num_references             -0.0003       0.0001   -3.111   0.0020   **       0.0001   -2.532   0.0117    *       0.0001   -2.541   0.0114    *
num_institutions            0.0037       0.0043    0.866   0.3872            0.0042    0.884   0.3773            0.0011    3.444   0.0006  ***
has_international_collab   -0.0002       0.0198   -0.012   0.9904            0.0201   -0.012   0.9906            0.0117   -0.020   0.9838     
journal_impact              0.0017       0.0021    0.784   0.4336            0.0023    0.737   0.4615            0.0031    0.540   0.5898     
open_access                 0.0074       0.0176    0.420   0.6744            0.0185    0.399   0.6898            0.0108    0.681   0.4962     
first_author_hindex        -0.0000       0.0005   -0.088   0.9303            0.0005   -0.083   0.9336            0.0004   -0.115   0.9086     
last_author_hindex         -0.0003       0.0004   -0.664   0.5070            0.0004   -0.684   0.4946            0.0004   -0.654   0.5134     
max_author_hindex          -0.0005       0.0004   -1.210   0.2268            0.0004   -1.336   0.1821            0.0005   -0.986   0.3247     
disc_Business              -0.0038       0.0998   -0.038   0.9697            0.1012   -0.037   0.9701            0.0466   -0.081   0.9351     
disc_Chemistry              0.0172       0.1083    0.159   0.8738            0.1101    0.156   0.8758            0.0114    1.509   0.1321     
disc_Computer science       0.0529       0.0733    0.722   0.4706            0.0750    0.706   0.4808            0.0338    1.566   0.1179     
disc_Engineering            0.0399       0.0912    0.437   0.6621            0.1016    0.392   0.6951            0.0242    1.646   0.1004     
disc_Environmental science  -0.0369       0.1065   -0.346   0.7291            0.1170   -0.316   0.7524            0.0242   -1.526   0.1278     
disc_Materials science      0.0561       0.0907    0.619   0.5363            0.0921    0.609   0.5425            0.0178    3.151   0.0017   **
disc_Medicine               0.0708       0.0752    0.942   0.3465            0.0786    0.901   0.3682            0.0333    2.125   0.0341    *
disc_Other                  0.0695       0.0967    0.718   0.4728            0.0963    0.721   0.4710            0.0384    1.811   0.0708    .
disc_Psychology            -0.0078       0.0856   -0.091   0.9274            0.0831   -0.094   0.9252            0.0319   -0.245   0.8069     
disc_Sociology             -0.0663       0.1093   -0.607   0.5442            0.0938   -0.707   0.4798            0.0526   -1.262   0.2077     
year_2018                   0.0205       0.0943    0.218   0.8277            0.1354    0.152   0.8795            0.0470    0.437   0.6625     
year_2019                  -0.0413       0.0898   -0.460   0.6458            0.1310   -0.315   0.7528            0.0739   -0.559   0.5766     
year_2020                  -0.1064       0.0837   -1.271   0.2043            0.1223   -0.870   0.3849            0.0292   -3.637   0.0003  ***
year_2021                  -0.1565       0.0830   -1.887   0.0598    .       0.1207   -1.297   0.1953            0.0314   -4.990   0.0000  ***
year_2022                  -0.1500       0.0841   -1.784   0.0752    .       0.1228   -1.221   0.2226            0.0305   -4.921   0.0000  ***
year_2023                  -0.1713       0.0822   -2.085   0.0376    *       0.1202   -1.425   0.1547            0.0362   -4.732   0.0000  ***
year_2024                  -0.1920       0.0840   -2.287   0.0226    *       0.1216   -1.579   0.1149            0.0474   -4.053   0.0001  ***
year_2025                  -0.2335       0.0884   -2.641   0.0085   **       0.1206   -1.937   0.0534    .       0.0415   -5.634   0.0000  ***


Significance codes: *** p<0.001, ** p<0.01, * p<0.05, . p<0.1

SE types:
  OLS: Ordinary standard errors (homoscedasticity assumed)
  HC3: Heteroscedasticity-consistent (Huber-White)
  Cluster(primary_discipline): Cluster-robust (accounts for within-primary_discipline correlation)
