Standard Error Comparison - Citation Impact (log)
======================================================================

Variable                      Coef      SE(OLS)   t(OLS)   p(OLS)  Sig      SE(HC3)   t(HC3)   p(HC3)  Sig SE(Cluster(primary_discipline)) t(Cluster(primary_discipline)) p(Cluster(primary_discipline))  Sig
-------------------------------------------------------------------------------------------------------------------------------------------------------------------------------------------------------------
const                       4.1638       0.6756    6.163   0.0000  ***       0.9372    4.443   0.0000  ***       0.2971   14.012   0.0000  ***
discipline_variety          0.0225       0.0497    0.453   0.6511            0.0504    0.447   0.6553            0.0298    0.755   0.4505     
discipline_similarity       0.0519       0.1378    0.376   0.7068            0.1407    0.369   0.7126            0.0616    0.841   0.4006     
discipline_balance         -0.1900       0.2834   -0.670   0.5030            0.4173   -0.455   0.6492            0.1447   -1.313   0.1899     
ai4s_balance                0.2722       0.1581    1.722   0.0858    .       0.1753    1.553   0.1211            0.1473    1.848   0.0653    .
ai_ref_age_c               -0.0162       0.0109   -1.492   0.1364            0.0108   -1.498   0.1349            0.0056   -2.911   0.0038   **
ai_ref_age_c_sq            -0.0004       0.0007   -0.614   0.5394            0.0005   -0.839   0.4019            0.0004   -1.229   0.2196     
num_authors                 0.0016       0.0124    0.130   0.8968            0.0185    0.087   0.9305            0.0060    0.267   0.7897     
num_references              0.0026       0.0004    5.778   0.0000  ***       0.0009    2.798   0.0054   **       0.0007    3.770   0.0002  ***
num_institutions            0.0072       0.0178    0.403   0.6873            0.0209    0.342   0.7323            0.0139    0.515   0.6071     
has_international_collab   -0.0300       0.0826   -0.364   0.7163            0.0845   -0.355   0.7224            0.0293   -1.026   0.3054     
journal_impact              0.0449       0.0089    5.030   0.0000  ***       0.0127    3.535   0.0004  ***       0.0088    5.119   0.0000  ***
open_access                 0.1670       0.0733    2.278   0.0232    *       0.0751    2.225   0.0266    *       0.0282    5.914   0.0000  ***
first_author_hindex         0.0045       0.0020    2.223   0.0267    *       0.0024    1.868   0.0624    .       0.0034    1.330   0.1843     
last_author_hindex          0.0008       0.0018    0.479   0.6324            0.0020    0.420   0.6747            0.0014    0.589   0.5563     
max_author_hindex          -0.0007       0.0017   -0.376   0.7068            0.0019   -0.344   0.7311            0.0010   -0.660   0.5099     
disc_Business               0.3135       0.4166    0.752   0.4522            0.4462    0.703   0.4827            0.0819    3.828   0.0001  ***
disc_Chemistry             -0.0281       0.4522   -0.062   0.9504            0.4437   -0.063   0.9495            0.0991   -0.284   0.7766     
disc_Computer science       0.2171       0.3061    0.709   0.4784            0.3356    0.647   0.5180            0.0621    3.498   0.0005  ***
disc_Engineering           -0.0454       0.3807   -0.119   0.9050            0.4512   -0.101   0.9198            0.0685   -0.664   0.5073     
disc_Environmental science  -0.1047       0.4449   -0.235   0.8141            0.4350   -0.241   0.8099            0.0936   -1.119   0.2639     
disc_Materials science      0.1053       0.3788    0.278   0.7811            0.4926    0.214   0.8308            0.1053    1.000   0.3176     
disc_Medicine               0.2066       0.3139    0.658   0.5108            0.3397    0.608   0.5434            0.0565    3.654   0.0003  ***
disc_Other                  0.1210       0.4040    0.299   0.7647            0.3589    0.337   0.7361            0.0657    1.842   0.0661    .
disc_Psychology            -0.0493       0.3576   -0.138   0.8904            0.3805   -0.130   0.8969            0.0668   -0.739   0.4605     
disc_Sociology              0.2901       0.4564    0.636   0.5254            0.3991    0.727   0.4677            0.0897    3.235   0.0013   **
year_2018                  -0.0184       0.3940   -0.047   0.9627            0.4987   -0.037   0.9705            0.1241   -0.149   0.8820     
year_2019                   0.0563       0.3749    0.150   0.8807            0.4725    0.119   0.9052            0.1374    0.410   0.6823     
year_2020                  -0.2291       0.3494   -0.656   0.5123            0.4434   -0.517   0.6056            0.0757   -3.027   0.0026   **
year_2021                  -0.5391       0.3464   -1.556   0.1203            0.4372   -1.233   0.2181            0.1079   -4.995   0.0000  ***
year_2022                  -0.5983       0.3512   -1.703   0.0892    .       0.4442   -1.347   0.1787            0.1294   -4.624   0.0000  ***
year_2023                  -1.0893       0.3432   -3.174   0.0016   **       0.4376   -2.489   0.0132    *       0.1626   -6.699   0.0000  ***
year_2024                  -1.4171       0.3507   -4.041   0.0001  ***       0.4461   -3.177   0.0016   **       0.1718   -8.249   0.0000  ***
year_2025                  -1.8716       0.3693   -5.068   0.0000  ***       0.4459   -4.197   0.0000  ***       0.0963  -19.435   0.0000  ***


Significance codes: *** p<0.001, ** p<0.01, * p<0.05, . p<0.1

SE types:
  OLS: Ordinary standard errors (homoscedasticity assumed)
  HC3: Heteroscedasticity-consistent (Huber-White)
  Cluster(primary_discipline): Cluster-robust (accounts for within-primary_discipline correlation)
