Standard Error Comparison - Citing Interdisciplinarity
======================================================================

Variable                      Coef      SE(OLS)   t(OLS)   p(OLS)  Sig      SE(HC3)   t(HC3)   p(HC3)  Sig SE(Cluster(primary_discipline)) t(Cluster(primary_discipline)) p(Cluster(primary_discipline))  Sig
-------------------------------------------------------------------------------------------------------------------------------------------------------------------------------------------------------------
const                       0.3864       0.1203    3.212   0.0014   **       0.1472    2.624   0.0090   **       0.1439    2.685   0.0075   **
discipline_variety          0.0054       0.0089    0.611   0.5414            0.0103    0.525   0.6001            0.0077    0.699   0.4849     
discipline_similarity      -0.0438       0.0245   -1.784   0.0751    .       0.0281   -1.556   0.1205            0.0125   -3.509   0.0005  ***
discipline_balance         -0.0351       0.0505   -0.696   0.4866            0.0701   -0.501   0.6163            0.0184   -1.909   0.0569    .
ai4s_balance                0.4025       0.0281   14.299   0.0000  ***       0.0321   12.546   0.0000  ***       0.0642    6.269   0.0000  ***
ai_ref_age_c               -0.0032       0.0019   -1.648   0.1001            0.0023   -1.411   0.1589            0.0008   -4.152   0.0000  ***
ai_ref_age_c_sq             0.0003       0.0001    2.685   0.0075   **       0.0003    1.202   0.2299            0.0001    2.868   0.0043   **
num_authors                 0.0002       0.0022    0.098   0.9221            0.0026    0.083   0.9341            0.0007    0.330   0.7416     
num_references              0.0002       0.0001    2.283   0.0229    *       0.0001    2.222   0.0267    *       0.0001    2.622   0.0090   **
num_institutions           -0.0012       0.0032   -0.370   0.7118            0.0033   -0.349   0.7271            0.0009   -1.313   0.1900     
has_international_collab    0.0129       0.0147    0.880   0.3796            0.0148    0.873   0.3833            0.0082    1.569   0.1172     
journal_impact              0.0003       0.0016    0.183   0.8549            0.0017    0.166   0.8680            0.0013    0.217   0.8285     
open_access                 0.0170       0.0131    1.303   0.1932            0.0139    1.222   0.2224            0.0095    1.785   0.0750    .
first_author_hindex         0.0003       0.0004    0.708   0.4791            0.0004    0.702   0.4828            0.0001    1.892   0.0591    .
last_author_hindex         -0.0000       0.0003   -0.143   0.8864            0.0003   -0.129   0.8973            0.0002   -0.250   0.8030     
max_author_hindex          -0.0003       0.0003   -0.910   0.3635            0.0003   -0.873   0.3832            0.0001   -1.925   0.0548    .
disc_Business              -0.0259       0.0742   -0.349   0.7269            0.0463   -0.560   0.5760            0.0204   -1.273   0.2037     
disc_Chemistry              0.0052       0.0805    0.064   0.9490            0.0640    0.080   0.9359            0.0170    0.304   0.7613     
disc_Computer science      -0.0940       0.0545   -1.726   0.0851    .       0.0317   -2.964   0.0032   **       0.0128   -7.329   0.0000  ***
disc_Engineering           -0.0220       0.0678   -0.325   0.7453            0.0625   -0.352   0.7247            0.0155   -1.424   0.1552     
disc_Environmental science  -0.0526       0.0792   -0.664   0.5068            0.0759   -0.693   0.4884            0.0159   -3.312   0.0010  ***
disc_Materials science     -0.0462       0.0674   -0.686   0.4933            0.0624   -0.741   0.4594            0.0114   -4.066   0.0001  ***
disc_Medicine              -0.0506       0.0559   -0.905   0.3660            0.0334   -1.516   0.1302            0.0165   -3.057   0.0024   **
disc_Other                  0.0307       0.0719    0.427   0.6699            0.0477    0.644   0.5200            0.0184    1.667   0.0962    .
disc_Psychology            -0.0166       0.0637   -0.261   0.7939            0.0451   -0.369   0.7125            0.0102   -1.632   0.1033     
disc_Sociology             -0.0007       0.0813   -0.008   0.9934            0.1165   -0.006   0.9954            0.0234   -0.029   0.9771     
year_2018                  -0.0131       0.0701   -0.187   0.8515            0.0768   -0.171   0.8643            0.0608   -0.216   0.8290     
year_2019                  -0.0134       0.0667   -0.200   0.8412            0.0720   -0.186   0.8527            0.0464   -0.289   0.7731     
year_2020                  -0.0117       0.0622   -0.189   0.8504            0.0682   -0.172   0.8633            0.0467   -0.251   0.8015     
year_2021                  -0.0210       0.0617   -0.341   0.7331            0.0668   -0.315   0.7528            0.0588   -0.358   0.7205     
year_2022                  -0.0092       0.0625   -0.147   0.8831            0.0690   -0.133   0.8940            0.0477   -0.193   0.8473     
year_2023                  -0.0102       0.0611   -0.166   0.8679            0.0668   -0.152   0.8792            0.0551   -0.185   0.8537     
year_2024                   0.0179       0.0624    0.287   0.7741            0.0679    0.264   0.7919            0.0635    0.282   0.7778     
year_2025                  -0.0105       0.0657   -0.159   0.8737            0.0746   -0.140   0.8887            0.0910   -0.115   0.9085     


Significance codes: *** p<0.001, ** p<0.01, * p<0.05, . p<0.1

SE types:
  OLS: Ordinary standard errors (homoscedasticity assumed)
  HC3: Heteroscedasticity-consistent (Huber-White)
  Cluster(primary_discipline): Cluster-robust (accounts for within-primary_discipline correlation)
